"rabotnik","ot_kg","do_kg","MC","MR","rezultat_ot_kg","rezultat_w_interwala","obsht_rezultat"
1,1,5,39,20,-19,-95,-95
2,6,11,18.33,20,1.67,10,-85
3,12,18,17.86,20,2.14,15,-70
4,19,32,16.43,20,3.57,50,-20
5,33,50,16.11,20,3.89,70,50
6,51,68,16.11,20,3.89,70,120
7,69,77,17.22,20,2.78,25,145
8,78,80,21.67,20,-1.67,-5,140
9,81,82,25,20,-5,-10,130
10,83,83,35,20,-15,-15,115
